PlateID	Batch
890000000001	0
890000000002	1
890000000003	1
890000000004	1
890000000005	1
890000000006	1
890000000007	1
890000000008	1
890000000009	1
890000000010	1
890000000011	1
890000000012	1
890000000013	1
890000000014	1
890000000015	1
890000000016	1
890000000017	1
890000000018	1
890000000019	1
890000000020	1
890000000021	1
890000000022	2
890000000023	2
890000000024	2
890000000025	2
890000000026	2
890000000028	2
890000000029	2
890000000030	2
890000000031	2
890000000032	2
890000000033	2
890000000034	2
890000000035	2
890000000036	2
890000000037	7
890000000038	2
890000000039	2
890000000040	2
890000000041	2
890000000042	2
890000000043	2
890000000044	2
890000000045	2
890000000046	2
890000000047	7
890000000048	2
890000000049	6
890000000051	2
890000000052	2
890000000053	2
890000000054	7
890000000055	2
890000000056	2
890000000057	2
890000000058	2
890000000059	2
890000000060	2
890000000061	2
890000000062	2
890000000063	2
890000000064	2
890000000065	2
890000000066	2
890000000067	2
890000000068	2
890000000069	2
890000000070	2
890000000072	2
890000000073	2
890000000074	2
890000000075	2
890000000076	2
890000000077	2
890000000078	2
890000000079	2
890000000080	2
890000000083	2
890000000084	2
890000000085	2
890000000086	2
890000000087	2
890000000088	2
890000000089	2
890000000090	2
890000000091	2
890000000092	2
890000000093	2
890000000094	2
890000000095	2
890000000096	2
890000000097	2
890000000098	3
890000000099	3
890000000100	3
890000000101	3
890000000102	3
890000000103	3
890000000104	3
890000000105	3
890000000106	3
890000000107	3
890000000108	3
890000000109	3
890000000110	3
890000000111	3
890000000112	3
890000000113	3
890000000114	3
890000000115	3
890000000116	3
890000000117	3
890000000118	3
890000000119	3
890000000120	3
890000000123	3
890000000124	3
890000000125	3
890000000126	4
890000000127	4
890000000128	3
890000000129	3
890000000130	4
890000000131	3
890000000132	3
890000000133	3
890000000134	3
890000000135	3
890000000136	3
890000000137	3
890000000138	3
890000000139	3
890000000140	3
890000000141	3
890000000142	3
890000000143	3
890000000144	3
890000000145	3
890000000146	3
890000000147	3
890000000148	3
890000000149	3
890000000150	3
890000000151	3
890000000152	3
890000000153	3
890000000154	3
890000000155	3
890000000156	3
890000000157	3
890000000158	3
890000000159	3
890000000160	3
890000000161	3
890000000162	3
890000000163	3
890000000164	3
890000000165	3
890000000166	3
890000000167	3
890000000168	3
890000000169	3
890000000170	3
890000000171	3
890000000172	3
890000000173	3
890000000174	3
890000000175	3
890000000176	3
890000000177	3
890000000178	3
890000000179	3
890000000180	3
890000000183	3
890000000184	3
890000000185	3
890000000186	3
890000000187	3
890000000188	3
890000000189	3
890000000190	3
890000000191	3
890000000192	3
890000000193	3
890000000194	3
890000000195	3
890000000196	3
890000000197	3
890000000198	3
890000000199	3
890000000200	3
890000000201	3
890000000202	3
890000000203	3
890000000204	3
890000000205	3
890000000206	3
890000000207	3
890000000208	3
890000000209	3
890000000210	3
890000000211	3
890000000212	3
890000000213	3
890000000214	3
890000000215	3
890000000216	3
890000000217	3
890000000218	3
890000000219	3
890000000220	3
890000000221	3
890000000222	3
890000000223	3
890000000224	3
890000000225	3
890000000226	3
890000000227	3
890000000228	3
890000000229	3
890000000230	3
890000000231	3
890000000232	3
890000000234	3
890000000236	6
890000000237	6
890000000238	7
890000000239	7
890000000240	7
890000000241	7
890000000242	3
890000000243	3
890000000244	3
890000000245	3
890000000246	3
890000000247	3
890000000248	3
890000000249	3
890000000250	3
890000000251	3
890000000252	3
890000000253	3
890000000254	3
890000000255	3
890000000256	3
890000000257	3
890000000258	3
890000000259	3
890000000260	7
890000000261	7
890000000262	3
890000000263	3
890000000264	3
890000000265	3
890000000266	3
890000000267	3
890000000268	3
890000000270	4
890000000271	4
890000000272	4
890000000273	4
890000000274	4
890000000275	4
890000000276	4
890000000277	4
890000000278	4
890000000279	4
890000000280	4
890000000281	4
890000000282	4
890000000283	4
890000000284	4
890000000285	4
890000000286	4
890000000287	4
890000000288	4
890000000289	4
890000000290	4
890000000291	4
890000000292	4
890000000293	4
890000000294	4
890000000295	4
890000000296	4
890000000297	7
890000000298	7
890000000299	4
890000000300	4
890000000301	4
890000000302	4
890000000303	4
890000000304	4
890000000305	4
890000000306	7
890000000307	4
890000000308	4
890000000309	4
890000000310	4
890000000311	4
890000000312	4
890000000313	4
890000000314	4
890000000315	4
890000000316	4
890000000317	4
890000000318	4
890000000319	4
890000000320	4
890000000321	4
890000000322	4
890000000323	4
890000000324	4
890000000325	4
890000000326	4
890000000327	4
890000000328	4
890000000329	4
890000000330	4
890000000331	4
890000000332	4
890000000333	4
890000000334	4
890000000335	4
890000000336	7
890000000337	7
890000000338	4
890000000339	4
890000000340	4
890000000341	4
890000000342	4
890000000345	4
890000000346	4
890000000347	4
890000000348	4
890000000349	4
890000000350	4
890000000351	4
890000000352	4
890000000353	4
890000000354	4
890000000355	4
890000000356	4
890000000357	4
890000000358	4
890000000359	4
890000000360	4
890000000361	4
890000000362	4
890000000363	4
890000000364	4
890000000365	4
890000000366	4
890000000367	4
890000000368	4
890000000369	4
890000000370	6
890000000371	4
890000000372	5
890000000373	5
890000000374	5
890000000375	5
890000000376	5
890000000377	5
890000000378	5
890000000379	5
890000000380	5
890000000381	5
890000000382	5
890000000383	5
890000000384	5
890000000385	5
890000000386	5
890000000387	5
890000000388	5
890000000389	5
890000000390	5
890000000391	5
890000000392	5
890000000393	5
890000000394	5
890000000395	5
890000000396	5
890000000397	5
890000000398	5
890000000399	5
890000000400	5
890000000401	5
890000000402	5
890000000403	5
890000000404	5
890000000405	5
890000000406	5
890000000407	5
890000000408	5
890000000409	5
890000000410	5
890000000411	5
890000000412	5
890000000413	5
890000000414	5
890000000415	5
890000000416	5
890000000417	5
890000000418	5
890000000419	5
890000000420	5
890000000421	5
890000000422	5
890000000423	5
890000000424	5
890000000425	5
890000000426	5
890000000427	5
890000000428	5
890000000429	5
890000000430	5
890000000431	5
890000000433	5
890000000434	5
890000000435	5
890000000436	5
890000000437	5
890000000438	5
890000000439	5
890000000440	5
890000000441	5
890000000442	5
890000000444	5
890000000445	5
890000000446	5
890000000447	5
890000000448	5
890000000449	5
890000000450	5
890000000451	5
890000000452	5
890000000453	5
890000000454	5
890000000455	5
890000000456	5
890000000457	5
890000000459	5
890000000460	5
890000000461	5
890000000462	5
890000000463	5
890000000464	5
890000000465	5
890000000466	5
890000000467	5
890000000468	5
890000000469	5
890000000470	5
890000000471	5
890000000472	5
890000000473	6
890000000474	6
890000000475	6
890000000476	6
890000000477	6
890000000478	6
890000000479	6
890000000480	6
890000000481	6
890000000482	6
890000000483	6
890000000484	6
890000000485	7
890000000486	6
890000000487	6
890000000488	6
890000000489	6
890000000490	6
890000000491	6
890000000492	6
890000000493	6
890000000495	6
890000000496	6
890000000497	6
890000000498	6
890000000499	6
890000000500	6
890000000501	6
890000000502	6
890000000503	6
890000000504	6
890000000505	6
890000000506	6
890000000507	6
890000000508	6
890000000509	6
890000000510	6
890000000511	6
890000000512	6
890000000513	6
890000000514	6
890000000515	6
890000000516	6
890000000517	6
890000000518	6
890000000519	6
890000000520	6
890000000521	6
890000000522	6
890000000523	6
890000000524	6
890000000525	6
890000000526	6
890000000527	6
890000000528	6
890000000529	6
890000000530	7
890000000531	7
890000000532	7
890000000533	7
890000000534	6
890000000535	6
890000000536	6
890000000537	6
890000000538	6
890000000539	6
890000000540	6
890000000541	6
890000000542	6
890000000543	6
890000000544	6
890000000545	6
890000000546	6
890000000547	6
890000000549	6
890000000550	6
890000000551	6
890000000552	6
890000000553	6
890000000554	6
890000000555	6
890000000556	6
890000000557	6
890000000558	6
890000000559	6
890000000560	6
890000000561	6
890000000563	6
890000000564	6
890000000565	6
890000000566	6
890000000567	6
890000000568	6
890000000569	6
890000000570	6
890000000571	6
890000000572	6
890000000573	6
890000000574	7
890000000575	7
890000000576	7
890000000577	7
890000000578	7
890000000579	7
890000000580	7
890000000581	7
890000000582	7
890000000583	7
890000000584	7
890000000585	7
890000000586	7
890000000587	7
890000000588	7
890000000589	7
890000000590	7
890000000591	7
890000000592	7
890000000593	7
890000000594	7
890000000595	7
890000000596	7
890000000597	7
890000000598	7
890000000599	7
890000000600	7
890000000601	7
890000000602	7
890000000603	7
890000000604	7
890000000605	7
890000000606	7
890000000607	7
890000000608	7
890000000609	7
890000000610	7
890000000611	7
890000000612	7
890000000613	7
890000000614	7
890000000615	7
890000000616	7
890000000617	7
890000000618	7
890000000619	7
890000000620	7
890000000621	7
890000000622	7
890000000623	7
890000000624	7
890000000625	7
890000000626	7
890000000627	7
890000000628	7
890000000629	7
890000000630	7
890000000631	7
890000000632	7
890000000633	7
890000000634	7
890000000635	7
890000000636	7
890000000637	7
890000000638	7
890000000639	7
890000000640	7
890000000641	7
890000000642	7
890000000643	7
890000000644	7
890000000645	7
890000000646	7
890000000647	7
890000000648	7
890000000649	7
890000000650	7
890000000651	7
890000000652	7
890000000653	7
890000000654	7
890000000657	7
890000000658	7
890000000659	7
890000000660	7
890000000661	7
890000000662	7
890000000663	7
890000000664	7
890000000665	7
890000000666	7
890000000667	7
890000000668	7
890000000669	7
890000000670	7
890000000671	7
890000000672	7
890000000269	4
890000000343	4
890000000344	4
