CHR	START	STOP	LOC
1	10583	1892607	block0
1	1892607	3582736	block1
1	3582736	4380811	block2
1	4380811	5913893	block3
1	5913893	7247335	block4
1	7247335	9365199	block5
1	9365199	10806984	block6
1	10806984	11777841	block7
1	11777841	12779466	block8
1	12779466	14891511	block9
1	14891511	16897730	block10
1	16897730	18662899	block11
1	18662899	20469149	block12
1	20469149	21736588	block13
1	21736588	23086883	block14
1	23086883	23920590	block15
1	23920590	25516845	block16
1	25516845	27401867	block17
1	27401867	30161881	block18
1	30161881	32438685	block19
1	32438685	34799758	block20
1	34799758	37549183	block21
1	37549183	38731847	block22
1	38731847	40200567	block23
1	40200567	41975327	block24
1	41975327	43758457	block25
1	43758457	44969183	block26
1	44969183	46899501	block27
1	46899501	48002576	block28
1	48002576	48978188	block29
1	48978188	49894177	block30
1	49894177	51713726	block31
1	51713726	54226262	block32
1	54226262	56413117	block33
1	56413117	57021728	block34
1	57021728	58865399	block35
1	58865399	59890409	block36
1	59890409	61922365	block37
1	61922365	63455089	block38
1	63455089	65041704	block39
1	65041704	66939404	block40
1	66939404	68477895	block41
1	68477895	69687616	block42
1	69687616	71372470	block43
1	71372470	71684405	block44
1	71684405	74326907	block45
1	74326907	76728135	block46
1	76728135	79661198	block47
1	79661198	81354191	block48
1	81354191	83991748	block49
1	83991748	84844495	block50
1	84844495	86454751	block51
1	86454751	88128631	block52
1	88128631	90066303	block53
1	90066303	91886317	block54
1	91886317	93536459	block55
1	93536459	94506191	block56
1	94506191	96150893	block57
1	96150893	97885249	block58
1	97885249	99800604	block59
1	99800604	100826405	block60
1	100826405	102041016	block61
1	102041016	102898745	block62
1	102898745	103914211	block63
1	103914211	106087842	block64
1	106087842	108409665	block65
1	108409665	110303931	block66
1	110303931	111741737	block67
1	111741737	113273306	block68
1	113273306	114873845	block69
1	114873845	115880593	block70
1	115880593	118839067	block71
1	118839067	144977494	block72
1	144977494	148361253	block73
1	148361253	151538881	block74
1	151538881	153180829	block75
1	153180829	154770403	block76
1	154770403	156336133	block77
1	156336133	158027412	block78
1	158027412	159913048	block79
1	159913048	162346721	block80
1	162346721	165191702	block81
1	165191702	166460517	block82
1	166460517	169086324	block83
1	169086324	170557776	block84
1	170557776	173097907	block85
1	173097907	175089768	block86
1	175089768	177433381	block87
1	177433381	178944309	block88
1	178944309	178954470	block89
1	178954470	181144121	block90
1	181144121	182755356	block91
1	182755356	184595513	block92
1	184595513	186810023	block93
1	186810023	188759945	block94
1	188759945	189904130	block95
1	189904130	191868930	block96
1	191868930	194107442	block97
1	194107442	196176201	block98
1	196176201	197311514	block99
1	197311514	199239884	block100
1	199239884	200137649	block101
1	200137649	201589975	block102
1	201589975	203334734	block103
1	203334734	204681068	block104
1	204681068	206073265	block105
1	206073265	208410364	block106
1	208410364	210787750	block107
1	210787750	212842330	block108
1	212842330	214578266	block109
1	214578266	216243634	block110
1	216243634	218705513	block111
1	218705513	219590571	block112
1	219590571	221858231	block113
1	221858231	222230220	block114
1	222230220	224938520	block115
1	224938520	226810860	block116
1	226810860	229156248	block117
1	229156248	230685255	block118
1	230685255	232090252	block119
1	232090252	233429284	block120
1	233429284	234599434	block121
1	234599434	235819436	block122
1	235819436	237555628	block123
1	237555628	238567807	block124
1	238567807	239925314	block125
1	239925314	240564091	block126
1	240564091	241582220	block127
1	241582220	242071602	block128
1	242071602	244109499	block129
1	244109499	245506746	block130
1	245506746	247344518	block131
1	247344518	249239466	block132
2	10133	1781022	block133
2	1781022	3973779	block134
2	3973779	5708337	block135
2	5708337	6836254	block136
2	6836254	8422147	block137
2	8422147	10298469	block138
2	10298469	12419150	block139
2	12419150	14335308	block140
2	14335308	16329735	block141
2	16329735	18647423	block142
2	18647423	19692404	block143
2	19692404	21050490	block144
2	21050490	23341383	block145
2	23341383	24686918	block146
2	24686918	26894985	block147
2	26894985	28598777	block148
2	28598777	29217559	block149
2	29217559	30463711	block150
2	30463711	31550450	block151
2	31550450	33363777	block152
2	33363777	35345028	block153
2	35345028	36122006	block154
2	36122006	38132712	block155
2	38132712	39031337	block156
2	39031337	40281483	block157
2	40281483	43309590	block158
2	43309590	44313803	block159
2	44313803	46482634	block160
2	46482634	47318772	block161
2	47318772	48213001	block162
2	48213001	50022257	block163
2	50022257	50818928	block164
2	50818928	52491133	block165
2	52491133	53508452	block166
2	53508452	54685226	block167
2	54685226	56203345	block168
2	56203345	57429100	block169
2	57429100	58297315	block170
2	58297315	60292000	block171
2	60292000	62429044	block172
2	62429044	64625913	block173
2	64625913	65933444	block174
2	65933444	67226166	block175
2	67226166	68010176	block176
2	68010176	69139564	block177
2	69139564	70755198	block178
2	70755198	73174848	block179
2	73174848	75630086	block180
2	75630086	76913661	block181
2	76913661	78079264	block182
2	78079264	80050403	block183
2	80050403	81620841	block184
2	81620841	85140680	block185
2	85140680	88038507	block186
2	88038507	89154526	block187
2	89154526	95326452	block188
2	95326452	98995201	block189
2	98995201	101822329	block190
2	101822329	102688765	block191
2	102688765	103588215	block192
2	103588215	105125034	block193
2	105125034	106210058	block194
2	106210058	107408267	block195
2	107408267	108429177	block196
2	108429177	110572432	block197
2	110572432	113921856	block198
2	113921856	116772470	block199
2	116772470	118367466	block200
2	118367466	121303783	block201
2	121303783	123302906	block202
2	123302906	124732250	block203
2	124732250	125840921	block204
2	125840921	127373764	block205
2	127373764	128034347	block206
2	128034347	129474441	block207
2	129474441	130067170	block208
2	130067170	130658085	block209
2	130658085	133042784	block210
2	133042784	135158578	block211
2	135158578	137042794	block212
2	137042794	138698117	block213
2	138698117	140100271	block214
2	140100271	141805351	block215
2	141805351	142518602	block216
2	142518602	144519484	block217
2	144519484	146445570	block218
2	146445570	147277162	block219
2	147277162	150210292	block220
2	150210292	151731462	block221
2	151731462	152486782	block222
2	152486782	154005056	block223
2	154005056	155391135	block224
2	155391135	157560635	block225
2	157560635	158533218	block226
2	158533218	159577082	block227
2	159577082	161769733	block228
2	161769733	163503551	block229
2	163503551	164466638	block230
2	164466638	165178840	block231
2	165178840	167160270	block232
2	167160270	167355970	block233
2	167355970	169968236	block234
2	169968236	171226245	block235
2	171226245	173138905	block236
2	173138905	175588929	block237
2	175588929	177363636	block238
2	177363636	178553183	block239
2	178553183	181312739	block240
2	181312739	182266031	block241
2	182266031	184357608	block242
2	184357608	185280173	block243
2	185280173	189882065	block244
2	189882065	191973357	block245
2	191973357	195861164	block246
2	195861164	196447456	block247
2	196447456	198078110	block248
2	198078110	199311125	block249
2	199311125	201576284	block250
2	201576284	202818637	block251
2	202818637	205799241	block252
2	205799241	206735704	block253
2	206735704	208645399	block254
2	208645399	209941529	block255
2	209941529	212379518	block256
2	212379518	214014282	block257
2	214014282	215573795	block258
2	215573795	217715661	block259
2	217715661	218395480	block260
2	218395480	220454551	block261
2	220454551	222521176	block262
2	222521176	224859419	block263
2	224859419	225840004	block264
2	225840004	228119842	block265
2	228119842	229370787	block266
2	229370787	231843389	block267
2	231843389	233550003	block268
2	233550003	235150987	block269
2	235150987	236043550	block270
2	236043550	237449032	block271
2	237449032	238760981	block272
2	238760981	239952643	block273
2	239952643	241560084	block274
2	241560084	242149921	block275
2	242149921	243188920	block276
3	60157	1441779	block277
3	1441779	2992120	block278
3	2992120	4431647	block279
3	4431647	6083183	block280
3	6083183	7083387	block281
3	7083387	8648561	block282
3	8648561	9543183	block283
3	9543183	11019665	block284
3	11019665	13070799	block285
3	13070799	14816900	block286
3	14816900	16282442	block287
3	16282442	17891118	block288
3	17891118	19125144	block289
3	19125144	20091348	block290
3	20091348	21643707	block291
3	21643707	22204244	block292
3	22204244	23804865	block293
3	23804865	25461558	block294
3	25461558	26877769	block295
3	26877769	27840910	block296
3	27840910	29142260	block297
3	29142260	30717955	block298
3	30717955	32351715	block299
3	32351715	33255592	block300
3	33255592	35283458	block301
3	35283458	36486842	block302
3	36486842	38356116	block303
3	38356116	40221298	block304
3	40221298	41064528	block305
3	41064528	42540002	block306
3	42540002	45165153	block307
3	45165153	46657500	block308
3	46657500	47727212	block309
3	47727212	49316972	block310
3	49316972	51832015	block311
3	51832015	54081390	block312
3	54081390	55348860	block313
3	55348860	56433907	block314
3	56433907	58157519	block315
3	58157519	60272906	block316
3	60272906	62355666	block317
3	62355666	63669286	block318
3	63669286	65273538	block319
3	65273538	66270447	block320
3	66270447	68286914	block321
3	68286914	69276762	block322
3	69276762	70449028	block323
3	70449028	72529329	block324
3	72529329	74321817	block325
3	74321817	75704949	block326
3	75704949	77508835	block327
3	77508835	79024541	block328
3	79024541	81427310	block329
3	81427310	82643886	block330
3	82643886	84367479	block331
3	84367479	85582231	block332
3	85582231	87409732	block333
3	87409732	88298373	block334
3	88298373	94255316	block335
3	94255316	95311971	block336
3	95311971	98215950	block337
3	98215950	99373762	block338
3	99373762	100592217	block339
3	100592217	103084960	block340
3	103084960	104581613	block341
3	104581613	106982811	block342
3	106982811	109522395	block343
3	109522395	110513770	block344
3	110513770	112815699	block345
3	112815699	113947863	block346
3	113947863	115447080	block347
3	115447080	116800153	block348
3	116800153	118530251	block349
3	118530251	120523055	block350
3	120523055	121974097	block351
3	121974097	123517768	block352
3	123517768	124936642	block353
3	124936642	126214943	block354
3	126214943	128194861	block355
3	128194861	130244735	block356
3	130244735	131836516	block357
3	131836516	133252173	block358
3	133252173	135456906	block359
3	135456906	137371083	block360
3	137371083	139954597	block361
3	139954597	141339097	block362
3	141339097	143164628	block363
3	143164628	144410816	block364
3	144410816	145664619	block365
3	145664619	146726629	block366
3	146726629	149043237	block367
3	149043237	150252004	block368
3	150252004	151348730	block369
3	151348730	153256571	block370
3	153256571	154714218	block371
3	154714218	156008700	block372
3	156008700	157312028	block373
3	157312028	159477890	block374
3	159477890	161524504	block375
3	161524504	163253205	block376
3	163253205	165055469	block377
3	165055469	167117429	block378
3	167117429	168580960	block379
3	168580960	170964909	block380
3	170964909	172295731	block381
3	172295731	173477285	block382
3	173477285	175116539	block383
3	175116539	176320287	block384
3	176320287	178107165	block385
3	178107165	179374586	block386
3	179374586	181511166	block387
3	181511166	183769683	block388
3	183769683	185068255	block389
3	185068255	186890344	block390
3	186890344	188856214	block391
3	188856214	190226607	block392
3	190226607	192343814	block393
3	192343814	194059671	block394
3	194059671	194786674	block395
3	194786674	195971408	block396
3	195971408	197075987	block397
3	197075987	197946622	block398
4	10240	694715	block399
4	694715	1478711	block400
4	1478711	2842979	block401
4	2842979	3846040	block402
4	3846040	4684116	block403
4	4684116	5502388	block404
4	5502388	6773043	block405
4	6773043	7539692	block406
4	7539692	8152235	block407
4	8152235	9326479	block408
4	9326479	10699152	block409
4	10699152	12323034	block410
4	12323034	14272001	block411
4	14272001	15147446	block412
4	15147446	15927009	block413
4	15927009	17383322	block414
4	17383322	18841874	block415
4	18841874	20544557	block416
4	20544557	22319347	block417
4	22319347	24135529	block418
4	24135529	25609322	block419
4	25609322	27343722	block420
4	27343722	27965868	block421
4	27965868	29762208	block422
4	29762208	30454535	block423
4	30454535	31782981	block424
4	31782981	33172766	block425
4	33172766	35151415	block426
4	35151415	36020436	block427
4	36020436	37255047	block428
4	37255047	38907022	block429
4	38907022	40202609	block430
4	40202609	42213058	block431
4	42213058	43965045	block432
4	43965045	45189157	block433
4	45189157	47411896	block434
4	47411896	48123600	block435
4	48123600	53877433	block436
4	53877433	55429556	block437
4	55429556	56547644	block438
4	56547644	58935008	block439
4	58935008	60741087	block440
4	60741087	62371763	block441
4	62371763	64341001	block442
4	64341001	66600492	block443
4	66600492	68059497	block444
4	68059497	68854765	block445
4	68854765	71049152	block446
4	71049152	72140558	block447
4	72140558	74592390	block448
4	74592390	77130707	block449
4	77130707	79093979	block450
4	79093979	80990297	block451
4	80990297	82125315	block452
4	82125315	83372593	block453
4	83372593	84799656	block454
4	84799656	86930609	block455
4	86930609	87534648	block456
4	87534648	89238028	block457
4	89238028	90231564	block458
4	90231564	91560677	block459
4	91560677	94233299	block460
4	94233299	96182188	block461
4	96182188	97540703	block462
4	97540703	99424067	block463
4	99424067	100678360	block464
4	100678360	103221356	block465
4	103221356	105305294	block466
4	105305294	107501305	block467
4	107501305	108815348	block468
4	108815348	111256567	block469
4	111256567	113870102	block470
4	113870102	115666246	block471
4	115666246	117276929	block472
4	117276929	118479918	block473
4	118479918	119933512	block474
4	119933512	120392684	block475
4	120392684	122657987	block476
4	122657987	124286481	block477
4	124286481	125210862	block478
4	125210862	126480886	block479
4	126480886	127275477	block480
4	127275477	127830293	block481
4	127830293	128996665	block482
4	128996665	130591885	block483
4	130591885	131283821	block484
4	131283821	132954033	block485
4	132954033	134628434	block486
4	134628434	136566407	block487
4	136566407	138541971	block488
4	138541971	139556511	block489
4	139556511	141084631	block490
4	141084631	143443265	block491
4	143443265	146178187	block492
4	146178187	148521873	block493
4	148521873	150683580	block494
4	150683580	152782184	block495
4	152782184	154477641	block496
4	154477641	155056126	block497
4	155056126	157485097	block498
4	157485097	158743718	block499
4	158743718	161058864	block500
4	161058864	161826435	block501
4	161826435	163243679	block502
4	163243679	164478234	block503
4	164478234	165823448	block504
4	165823448	167018858	block505
4	167018858	167852917	block506
4	167852917	169676825	block507
4	169676825	170776510	block508
4	170776510	172558635	block509
4	172558635	174264132	block510
4	174264132	176570716	block511
4	176570716	178991910	block512
4	178991910	180122043	block513
4	180122043	182066807	block514
4	182066807	183371275	block515
4	183371275	184929455	block516
4	184929455	186909090	block517
4	186909090	188472981	block518
4	188472981	189693511	block519
4	189693511	191043594	block520
5	11940	982252	block521
5	982252	2132442	block522
5	2132442	3361941	block523
5	3361941	4632110	block524
5	4632110	5973233	block525
5	5973233	7143218	block526
5	7143218	8446336	block527
5	8446336	9718832	block528
5	9718832	11173271	block529
5	11173271	13464832	block530
5	13464832	14757804	block531
5	14757804	16963613	block532
5	16963613	18051592	block533
5	18051592	19917716	block534
5	19917716	22152073	block535
5	22152073	23494324	block536
5	23494324	26184851	block537
5	26184851	26857604	block538
5	26857604	27984513	block539
5	27984513	29714820	block540
5	29714820	31390249	block541
5	31390249	33500180	block542
5	33500180	35048970	block543
5	35048970	36433954	block544
5	36433954	38802410	block545
5	38802410	40287729	block546
5	40287729	41888710	block547
5	41888710	43983499	block548
5	43983499	50163398	block549
5	50163398	52134622	block550
5	52134622	53703044	block551
5	53703044	55417349	block552
5	55417349	56621102	block553
5	56621102	57340073	block554
5	57340073	58524622	block555
5	58524622	60935907	block556
5	60935907	61672995	block557
5	61672995	63218987	block558
5	63218987	63968304	block559
5	63968304	65911286	block560
5	65911286	67850860	block561
5	67850860	71240456	block562
5	71240456	73759326	block563
5	73759326	75798866	block564
5	75798866	77623332	block565
5	77623332	79393144	block566
5	79393144	80481471	block567
5	80481471	82025648	block568
5	82025648	83972689	block569
5	83972689	85767290	block570
5	85767290	87389991	block571
5	87389991	88891530	block572
5	88891530	90422654	block573
5	90422654	91840542	block574
5	91840542	93809984	block575
5	93809984	95963519	block576
5	95963519	97315601	block577
5	97315601	99260992	block578
5	99260992	101578769	block579
5	101578769	103320005	block580
5	103320005	104851483	block581
5	104851483	105893055	block582
5	105893055	107264196	block583
5	107264196	108633934	block584
5	108633934	110821144	block585
5	110821144	111981562	block586
5	111981562	113396285	block587
5	113396285	114830370	block588
5	114830370	115831047	block589
5	115831047	117346213	block590
5	117346213	118608820	block591
5	118608820	119669042	block592
5	119669042	120452166	block593
5	120452166	122556905	block594
5	122556905	123798100	block595
5	123798100	125785649	block596
5	125785649	127344604	block597
5	127344604	129519025	block598
5	129519025	132139649	block599
5	132139649	134777401	block600
5	134777401	136376050	block601
5	136376050	139265072	block602
5	139265072	140645971	block603
5	140645971	142981248	block604
5	142981248	144943354	block605
5	144943354	147181998	block606
5	147181998	148662624	block607
5	148662624	150561298	block608
5	150561298	152867774	block609
5	152867774	153773088	block610
5	153773088	155373505	block611
5	155373505	156628700	block612
5	156628700	158825698	block613
5	158825698	159973944	block614
5	159973944	161482133	block615
5	161482133	162743908	block616
5	162743908	163771582	block617
5	163771582	165642395	block618
5	165642395	166847740	block619
5	166847740	168525318	block620
5	168525318	169505664	block621
5	169505664	171074292	block622
5	171074292	172678327	block623
5	172678327	173642871	block624
5	173642871	175450595	block625
5	175450595	177251507	block626
5	177251507	178413464	block627
5	178413464	179401244	block628
5	179401244	180559933	block629
5	180559933	180885156	block630
6	73924	1452362	block631
6	1452362	2458936	block632
6	2458936	3573593	block633
6	3573593	4617817	block634
6	4617817	5791472	block635
6	5791472	6785207	block636
6	6785207	7808936	block637
6	7808936	9020026	block638
6	9020026	10540317	block639
6	10540317	11790816	block640
6	11790816	13209388	block641
6	13209388	14802924	block642
6	14802924	17386405	block643
6	17386405	19207487	block644
6	19207487	21684065	block645
6	21684065	22748307	block646
6	22748307	23936619	block647
6	23936619	24852275	block648
6	24852275	25684587	block649
6	25684587	26791233	block650
6	26791233	28017819	block651
6	28017819	28917608	block652
6	28917608	29737971	block653
6	29737971	30798168	block654
6	30798168	31571218	block655
6	31571218	32682664	block656
6	32682664	33236497	block657
6	33236497	35455756	block658
6	35455756	37572596	block659
6	37572596	39295677	block660
6	39295677	40345115	block661
6	40345115	42038721	block662
6	42038721	43756169	block663
6	43756169	45406563	block664
6	45406563	47311898	block665
6	47311898	48391125	block666
6	48391125	50386145	block667
6	50386145	52210476	block668
6	52210476	53279102	block669
6	53279102	55468270	block670
6	55468270	56105313	block671
6	56105313	57599465	block672
6	57599465	61880512	block673
6	61880512	63552888	block674
6	63552888	65765742	block675
6	65765742	67329215	block676
6	67329215	68849483	block677
6	68849483	69523448	block678
6	69523448	71609510	block679
6	71609510	73450097	block680
6	73450097	75462003	block681
6	75462003	77414881	block682
6	77414881	78957728	block683
6	78957728	80691170	block684
6	80691170	81929222	block685
6	81929222	83127149	block686
6	83127149	85209989	block687
6	85209989	87069500	block688
6	87069500	88822140	block689
6	88822140	89973052	block690
6	89973052	91843196	block691
6	91843196	93428644	block692
6	93428644	94118142	block693
6	94118142	94441175	block694
6	94441175	97093511	block695
6	97093511	97842284	block696
6	97842284	100630146	block697
6	100630146	102636772	block698
6	102636772	103983395	block699
6	103983395	106056733	block700
6	106056733	107450306	block701
6	107450306	108464380	block702
6	108464380	110304247	block703
6	110304247	112345014	block704
6	112345014	114220833	block705
6	114220833	116131396	block706
6	116131396	117672972	block707
6	117672972	118963115	block708
6	118963115	119963278	block709
6	119963278	120512128	block710
6	120512128	121905676	block711
6	121905676	123856181	block712
6	123856181	125424383	block713
6	125424383	127540461	block714
6	127540461	129861031	block715
6	129861031	130935454	block716
6	130935454	132765669	block717
6	132765669	134244243	block718
6	134244243	136224177	block719
6	136224177	137614218	block720
6	137614218	138822629	block721
6	138822629	139845436	block722
6	139845436	142288479	block723
6	142288479	145319810	block724
6	145319810	146665424	block725
6	146665424	148920352	block726
6	148920352	150253404	block727
6	150253404	151912703	block728
6	151912703	153094496	block729
6	153094496	154974120	block730
6	154974120	156763326	block731
6	156763326	158218719	block732
6	158218719	160580497	block733
6	160580497	162169564	block734
6	162169564	162931203	block735
6	162931203	164383521	block736
6	164383521	165586864	block737
6	165586864	167024733	block738
6	167024733	168042835	block739
6	168042835	169382050	block740
6	169382050	170330173	block741
6	170330173	171051270	block742
7	16161	972752	block743
7	972752	1353067	block744
7	1353067	2062398	block745
7	2062398	2772227	block746
7	2772227	4573428	block747
7	4573428	5416232	block748
7	5416232	5854526	block749
7	5854526	6573857	block750
7	6573857	7808752	block751
7	7808752	9123423	block752
7	9123423	9987499	block753
7	9987499	11299198	block754
7	11299198	12635461	block755
7	12635461	13884202	block756
7	13884202	15143657	block757
7	15143657	16902069	block758
7	16902069	19481547	block759
7	19481547	20124908	block760
7	20124908	22507629	block761
7	22507629	23471442	block762
7	23471442	25077259	block763
7	25077259	25909555	block764
7	25909555	28360309	block765
7	28360309	31137289	block766
7	31137289	33555768	block767
7	33555768	36213538	block768
7	36213538	37555184	block769
7	37555184	38966703	block770
7	38966703	39862670	block771
7	39862670	42001811	block772
7	42001811	43159074	block773
7	43159074	44763828	block774
7	44763828	45952922	block775
7	45952922	46986720	block776
7	46986720	49212278	block777
7	49212278	51675322	block778
7	51675322	53176312	block779
7	53176312	54222976	block780
7	54222976	55691584	block781
7	55691584	57382638	block782
7	57382638	63307359	block783
7	63307359	63641125	block784
7	63641125	65689809	block785
7	65689809	68234074	block786
7	68234074	69085364	block787
7	69085364	71874885	block788
7	71874885	73334602	block789
7	73334602	76458564	block790
7	76458564	78093859	block791
7	78093859	79888069	block792
7	79888069	82022686	block793
7	82022686	83801203	block794
7	83801203	85572182	block795
7	85572182	87825004	block796
7	87825004	90661784	block797
7	90661784	92493752	block798
7	92493752	93966601	block799
7	93966601	96073508	block800
7	96073508	97099570	block801
7	97099570	98715474	block802
7	98715474	100196651	block803
7	100196651	101199253	block804
7	101199253	103197510	block805
7	103197510	104159525	block806
7	104159525	105682905	block807
7	105682905	107780178	block808
7	107780178	109647594	block809
7	109647594	112618684	block810
7	112618684	113712387	block811
7	113712387	116780178	block812
7	116780178	118351581	block813
7	118351581	121045273	block814
7	121045273	121933630	block815
7	121933630	124156805	block816
7	124156805	124167552	block817
7	124167552	126519170	block818
7	126519170	126869221	block819
7	126869221	128778386	block820
7	128778386	130422414	block821
7	130422414	132805848	block822
7	132805848	134307596	block823
7	134307596	135591083	block824
7	135591083	136876562	block825
7	136876562	138744679	block826
7	138744679	139933177	block827
7	139933177	140235210	block828
7	140235210	141226557	block829
7	141226557	142656310	block830
7	142656310	144968289	block831
7	144968289	146427960	block832
7	146427960	147815318	block833
7	147815318	149840658	block834
7	149840658	150711505	block835
7	150711505	152249806	block836
7	152249806	153674019	block837
7	153674019	154964730	block838
7	154964730	156065250	block839
7	156065250	157634597	block840
7	157634597	159128575	block841
8	10422	1044217	block842
8	1044217	1163245	block843
8	1163245	2042942	block844
8	2042942	2573279	block845
8	2573279	3392926	block846
8	3392926	3783017	block847
8	3783017	4480476	block848
8	4480476	5146927	block849
8	5146927	6142797	block850
8	6142797	7153079	block851
8	7153079	9154694	block852
8	9154694	9640787	block853
8	9640787	10463197	block854
8	10463197	11278998	block855
8	11278998	13491775	block856
8	13491775	13944992	block857
8	13944992	15991660	block858
8	15991660	17387876	block859
8	17387876	17836399	block860
8	17836399	19492840	block861
8	19492840	20060856	block862
8	20060856	21661737	block863
8	21661737	22897057	block864
8	22897057	24674718	block865
8	24674718	25483454	block866
8	25483454	26682525	block867
8	26682525	28162392	block868
8	28162392	29327896	block869
8	29327896	31133729	block870
8	31133729	31548360	block871
8	31548360	32977218	block872
8	32977218	35317232	block873
8	35317232	37379389	block874
8	37379389	38938806	block875
8	38938806	40703337	block876
8	40703337	41721454	block877
8	41721454	42773823	block878
8	42773823	46841315	block879
8	46841315	50082470	block880
8	50082470	53302930	block881
8	53302930	54418044	block882
8	54418044	55945581	block883
8	55945581	56956383	block884
8	56956383	59068651	block885
8	59068651	59728100	block886
8	59728100	62329099	block887
8	62329099	63349306	block888
8	63349306	65232872	block889
8	65232872	66489090	block890
8	66489090	69863057	block891
8	69863057	70867979	block892
8	70867979	72289454	block893
8	72289454	73817199	block894
8	73817199	75445064	block895
8	75445064	76456542	block896
8	76456542	79132861	block897
8	79132861	81956395	block898
8	81956395	82693739	block899
8	82693739	84225589	block900
8	84225589	85955619	block901
8	85955619	87411709	block902
8	87411709	89085481	block903
8	89085481	90638162	block904
8	90638162	93554386	block905
8	93554386	95005527	block906
8	95005527	96534806	block907
8	96534806	99401581	block908
8	99401581	101620958	block909
8	101620958	104123306	block910
8	104123306	104988752	block911
8	104988752	107410754	block912
8	107410754	108648177	block913
8	108648177	109248173	block914
8	109248173	110484314	block915
8	110484314	111850847	block916
8	111850847	113064320	block917
8	113064320	116096495	block918
8	116096495	119685457	block919
8	119685457	121201700	block920
8	121201700	124861459	block921
8	124861459	125683719	block922
8	125683719	126410917	block923
8	126410917	128659111	block924
8	128659111	130381139	block925
8	130381139	131639625	block926
8	131639625	133351144	block927
8	133351144	134570001	block928
8	134570001	136035605	block929
8	136035605	137524151	block930
8	137524151	139254830	block931
8	139254830	140725643	block932
8	140725643	143044914	block933
8	143044914	144236881	block934
8	144236881	146303867	block935
9	10023	1079707	block936
9	1079707	1916877	block937
9	1916877	3190064	block938
9	3190064	4495328	block939
9	4495328	4884926	block940
9	4884926	6557589	block941
9	6557589	7154923	block942
9	7154923	8456299	block943
9	8456299	9166403	block944
9	9166403	10879253	block945
9	10879253	12276489	block946
9	12276489	14836363	block947
9	14836363	16659655	block948
9	16659655	18661051	block949
9	18661051	20463534	block950
9	20463534	22206559	block951
9	22206559	24158518	block952
9	24158518	25330810	block953
9	25330810	26111757	block954
9	26111757	28224283	block955
9	28224283	28811584	block956
9	28811584	30387392	block957
9	30387392	31310383	block958
9	31310383	32019368	block959
9	32019368	33578334	block960
9	33578334	34642243	block961
9	34642243	36743283	block962
9	36743283	38641599	block963
9	38641599	65472190	block964
9	65472190	72512711	block965
9	72512711	72753755	block966
9	72753755	74253040	block967
9	74253040	76203946	block968
9	76203946	76973081	block969
9	76973081	78900183	block970
9	78900183	79471208	block971
9	79471208	81079055	block972
9	81079055	82590928	block973
9	82590928	84211233	block974
9	84211233	85440801	block975
9	85440801	86938196	block976
9	86938196	88109333	block977
9	88109333	88590417	block978
9	88590417	90136246	block979
9	90136246	92528698	block980
9	92528698	94167203	block981
9	94167203	96671698	block982
9	96671698	98922040	block983
9	98922040	101592859	block984
9	101592859	104624437	block985
9	104624437	105967976	block986
9	105967976	107581749	block987
9	107581749	109298754	block988
9	109298754	110695062	block989
9	110695062	112778024	block990
9	112778024	114831082	block991
9	114831082	115693145	block992
9	115693145	117019801	block993
9	117019801	117921960	block994
9	117921960	121321537	block995
9	121321537	122260297	block996
9	122260297	124871322	block997
9	124871322	126971887	block998
9	126971887	129059665	block999
9	129059665	130055510	block1000
9	130055510	132165470	block1001
9	132165470	133223217	block1002
9	133223217	134127888	block1003
9	134127888	135298842	block1004
9	135298842	137041122	block1005
9	137041122	137589364	block1006
9	137589364	138938978	block1007
9	138938978	139500342	block1008
9	139500342	141144796	block1009
10	60523	751339	block1010
10	751339	1523544	block1011
10	1523544	2254500	block1012
10	2254500	3352699	block1013
10	3352699	4572274	block1014
10	4572274	5983762	block1015
10	5983762	7171484	block1016
10	7171484	8774665	block1017
10	8774665	10249396	block1018
10	10249396	12586797	block1019
10	12586797	13321600	block1020
10	13321600	15026068	block1021
10	15026068	16551767	block1022
10	16551767	18537267	block1023
10	18537267	19716878	block1024
10	19716878	22772283	block1025
10	22772283	23175132	block1026
10	23175132	25578596	block1027
10	25578596	26888684	block1028
10	26888684	29323236	block1029
10	29323236	29783692	block1030
10	29783692	30458838	block1031
10	30458838	31907519	block1032
10	31907519	33707968	block1033
10	33707968	35109355	block1034
10	35109355	36572508	block1035
10	36572508	37790029	block1036
10	37790029	42372579	block1037
10	42372579	43894771	block1038
10	43894771	44730075	block1039
10	44730075	48760450	block1040
10	48760450	50840915	block1041
10	50840915	53616629	block1042
10	53616629	55103572	block1043
10	55103572	57031140	block1044
10	57031140	57662146	block1045
10	57662146	58959528	block1046
10	58959528	60289987	block1047
10	60289987	61891409	block1048
10	61891409	62659679	block1049
10	62659679	63341695	block1050
10	63341695	65794114	block1051
10	65794114	67549615	block1052
10	67549615	69900148	block1053
10	69900148	70195991	block1054
10	70195991	72220850	block1055
10	72220850	73508512	block1056
10	73508512	75422550	block1057
10	75422550	78706814	block1058
10	78706814	80876749	block1059
10	80876749	82414679	block1060
10	82414679	84383745	block1061
10	84383745	85458703	block1062
10	85458703	87937577	block1063
10	87937577	89127064	block1064
10	89127064	91013381	block1065
10	91013381	92006581	block1066
10	92006581	93335047	block1067
10	93335047	95396368	block1068
10	95396368	96221243	block1069
10	96221243	97822357	block1070
10	97822357	100241302	block1071
10	100241302	100668400	block1072
10	100668400	102949239	block1073
10	102949239	104380410	block1074
10	104380410	106695048	block1075
10	106695048	108726686	block1076
10	108726686	110317705	block1077
10	110317705	112561493	block1078
10	112561493	115328432	block1079
10	115328432	116421406	block1080
10	116421406	119523934	block1081
10	119523934	120591353	block1082
10	120591353	122407323	block1083
10	122407323	123231465	block1084
10	123231465	123900545	block1085
10	123900545	125869346	block1086
10	125869346	128001098	block1087
10	128001098	129154362	block1088
10	129154362	130844284	block1089
10	130844284	131741327	block1090
10	131741327	132580245	block1091
10	132580245	134336329	block1092
10	134336329	134494673	block1093
10	134494673	135523865	block1094
11	70855	1213590	block1095
11	1213590	3665481	block1096
11	3665481	4746709	block1097
11	4746709	6322869	block1098
11	6322869	7436701	block1099
11	7436701	8333274	block1100
11	8333274	9087317	block1101
11	9087317	10952027	block1102
11	10952027	12564229	block1103
11	12564229	13373124	block1104
11	13373124	15742552	block1105
11	15742552	17578402	block1106
11	17578402	19569535	block1107
11	19569535	21017138	block1108
11	21017138	22374142	block1109
11	22374142	24088517	block1110
11	24088517	26045753	block1111
11	26045753	27020461	block1112
11	27020461	28481593	block1113
11	28481593	30141357	block1114
11	30141357	32276901	block1115
11	32276901	33958739	block1116
11	33958739	35502605	block1117
11	35502605	37116815	block1118
11	37116815	39382003	block1119
11	39382003	42310003	block1120
11	42310003	44693799	block1121
11	44693799	47006137	block1122
11	47006137	49866050	block1123
11	49866050	54695473	block1124
11	54695473	55082657	block1125
11	55082657	58457495	block1126
11	58457495	58780549	block1127
11	58780549	62223771	block1128
11	62223771	63804569	block1129
11	63804569	65898631	block1130
11	65898631	68005825	block1131
11	68005825	69516130	block1132
11	69516130	70926292	block1133
11	70926292	72286017	block1134
11	72286017	74412351	block1135
11	74412351	76797209	block1136
11	76797209	78355058	block1137
11	78355058	80722373	block1138
11	80722373	81266712	block1139
11	81266712	84381272	block1140
11	84381272	86619301	block1141
11	86619301	87430235	block1142
11	87430235	89208936	block1143
11	89208936	90966490	block1144
11	90966490	92077144	block1145
11	92077144	93276157	block1146
11	93276157	94242260	block1147
11	94242260	95726041	block1148
11	95726041	97057058	block1149
11	97057058	98705065	block1150
11	98705065	100417169	block1151
11	100417169	101331121	block1152
11	101331121	103959636	block1153
11	103959636	104873284	block1154
11	104873284	106520894	block1155
11	106520894	107844200	block1156
11	107844200	108437037	block1157
11	108437037	109866116	block1158
11	109866116	111114397	block1159
11	111114397	112459488	block1160
11	112459488	114257728	block1161
11	114257728	114830666	block1162
11	114830666	116383348	block1163
11	116383348	117747110	block1164
11	117747110	119215476	block1165
11	119215476	120766806	block1166
11	120766806	121175943	block1167
11	121175943	122591910	block1168
11	122591910	123500117	block1169
11	123500117	124495528	block1170
11	124495528	126311320	block1171
11	126311320	127316679	block1172
11	127316679	128188537	block1173
11	128188537	130342575	block1174
11	130342575	131074612	block1175
11	131074612	133000046	block1176
11	133000046	134205993	block1177
11	134205993	134946452	block1178
12	61107	1080331	block1179
12	1080331	2544786	block1180
12	2544786	3677037	block1181
12	3677037	4417679	block1182
12	4417679	5321472	block1183
12	5321472	6419753	block1184
12	6419753	8377536	block1185
12	8377536	9031395	block1186
12	9031395	10481534	block1187
12	10481534	11754846	block1188
12	11754846	12733528	block1189
12	12733528	15241484	block1190
12	15241484	16310460	block1191
12	16310460	18087873	block1192
12	18087873	20863943	block1193
12	20863943	23820634	block1194
12	23820634	25371083	block1195
12	25371083	27799773	block1196
12	27799773	29651255	block1197
12	29651255	30512406	block1198
12	30512406	32165592	block1199
12	32165592	33076989	block1200
12	33076989	37856717	block1201
12	37856717	39227169	block1202
12	39227169	40816185	block1203
12	40816185	41658586	block1204
12	41658586	43984474	block1205
12	43984474	46024229	block1206
12	46024229	47714793	block1207
12	47714793	49001866	block1208
12	49001866	51776494	block1209
12	51776494	53039004	block1210
12	53039004	54778823	block1211
12	54778823	55665837	block1212
12	55665837	57548860	block1213
12	57548860	59308666	block1214
12	59308666	61123729	block1215
12	61123729	64032461	block1216
12	64032461	65559695	block1217
12	65559695	67181144	block1218
12	67181144	67909729	block1219
12	67909729	69826542	block1220
12	69826542	70957987	block1221
12	70957987	72645075	block1222
12	72645075	73818454	block1223
12	73818454	76511314	block1224
12	76511314	78570570	block1225
12	78570570	80448150	block1226
12	80448150	81467767	block1227
12	81467767	83502666	block1228
12	83502666	84303844	block1229
12	84303844	85990426	block1230
12	85990426	89682122	block1231
12	89682122	92066155	block1232
12	92066155	94514567	block1233
12	94514567	96020785	block1234
12	96020785	97108839	block1235
12	97108839	99305987	block1236
12	99305987	101447641	block1237
12	101447641	101862690	block1238
12	101862690	102964986	block1239
12	102964986	104848696	block1240
12	104848696	106436213	block1241
12	106436213	106958748	block1242
12	106958748	109025901	block1243
12	109025901	110336719	block1244
12	110336719	113263518	block1245
12	113263518	113986709	block1246
12	113986709	115036602	block1247
12	115036602	115503216	block1248
12	115503216	117087471	block1249
12	117087471	118135375	block1250
12	118135375	119754110	block1251
12	119754110	122007651	block1252
12	122007651	124977980	block1253
12	124977980	126445505	block1254
12	126445505	127875098	block1255
12	127875098	129237297	block1256
12	129237297	130377921	block1257
12	130377921	131786751	block1258
12	131786751	132807034	block1259
12	132807034	133841511	block1260
13	19020013	20686720	block1261
13	20686720	22242174	block1262
13	22242174	23594702	block1263
13	23594702	24531937	block1264
13	24531937	25784362	block1265
13	25784362	27284362	block1266
13	27284362	29257551	block1267
13	29257551	30483267	block1268
13	30483267	32301815	block1269
13	32301815	33776903	block1270
13	33776903	35026464	block1271
13	35026464	36046367	block1272
13	36046367	37498185	block1273
13	37498185	38878163	block1274
13	38878163	41069263	block1275
13	41069263	43101027	block1276
13	43101027	44901409	block1277
13	44901409	46495214	block1278
13	46495214	47431079	block1279
13	47431079	49383962	block1280
13	49383962	51591091	block1281
13	51591091	53339622	block1282
13	53339622	54682864	block1283
13	54682864	55817131	block1284
13	55817131	57554217	block1285
13	57554217	58410626	block1286
13	58410626	59302271	block1287
13	59302271	60854778	block1288
13	60854778	61591949	block1289
13	61591949	63971559	block1290
13	63971559	65200602	block1291
13	65200602	67844453	block1292
13	67844453	70724516	block1293
13	70724516	71526791	block1294
13	71526791	73934089	block1295
13	73934089	75670143	block1296
13	75670143	77410555	block1297
13	77410555	78808813	block1298
13	78808813	80585676	block1299
13	80585676	82581814	block1300
13	82581814	84133144	block1301
13	84133144	85610916	block1302
13	85610916	88559882	block1303
13	88559882	90521311	block1304
13	90521311	93129691	block1305
13	93129691	93586455	block1306
13	93586455	96087558	block1307
13	96087558	97519210	block1308
13	97519210	98938919	block1309
13	98938919	100574095	block1310
13	100574095	102300523	block1311
13	102300523	104066710	block1312
13	104066710	104844114	block1313
13	104844114	106247554	block1314
13	106247554	106750000	block1315
13	106750000	108189877	block1316
13	108189877	109121210	block1317
13	109121210	109815112	block1318
13	109815112	111232073	block1319
13	111232073	112247592	block1320
13	112247592	113572488	block1321
13	113572488	115109853	block1322
14	19002084	21589402	block1323
14	21589402	23018665	block1324
14	23018665	24905123	block1325
14	24905123	26135686	block1326
14	26135686	28466533	block1327
14	28466533	29972145	block1328
14	29972145	32383265	block1329
14	32383265	34846251	block1330
14	34846251	35859593	block1331
14	35859593	38667725	block1332
14	38667725	40341990	block1333
14	40341990	41615502	block1334
14	41615502	43137389	block1335
14	43137389	44543227	block1336
14	44543227	46081896	block1337
14	46081896	46749130	block1338
14	46749130	48573586	block1339
14	48573586	49005471	block1340
14	49005471	50507760	block1341
14	50507760	51493572	block1342
14	51493572	53474383	block1343
14	53474383	53997831	block1344
14	53997831	55233681	block1345
14	55233681	56216880	block1346
14	56216880	57481262	block1347
14	57481262	59448336	block1348
14	59448336	61680424	block1349
14	61680424	63790015	block1350
14	63790015	65220298	block1351
14	65220298	66399555	block1352
14	66399555	67992317	block1353
14	67992317	71131957	block1354
14	71131957	72889615	block1355
14	72889615	76444767	block1356
14	76444767	77229472	block1357
14	77229472	78561945	block1358
14	78561945	80186579	block1359
14	80186579	81579714	block1360
14	81579714	83138097	block1361
14	83138097	84241633	block1362
14	84241633	85746319	block1363
14	85746319	86647002	block1364
14	86647002	87635341	block1365
14	87635341	89497643	block1366
14	89497643	91296860	block1367
14	91296860	93132299	block1368
14	93132299	94325285	block1369
14	94325285	95750867	block1370
14	95750867	96262415	block1371
14	96262415	98341162	block1372
14	98341162	99138532	block1373
14	99138532	101534307	block1374
14	101534307	103012102	block1375
14	103012102	105001723	block1376
14	105001723	106340358	block1377
14	106340358	107289454	block1378
15	20001200	21131604	block1379
15	21131604	24195127	block1380
15	24195127	25108590	block1381
15	25108590	27298112	block1382
15	27298112	29338502	block1383
15	29338502	30165568	block1384
15	30165568	31591821	block1385
15	31591821	32441811	block1386
15	32441811	34015425	block1387
15	34015425	35083251	block1388
15	35083251	37456502	block1389
15	37456502	38530777	block1390
15	38530777	40384132	block1391
15	40384132	41177514	block1392
15	41177514	42776399	block1393
15	42776399	44198049	block1394
15	44198049	46618787	block1395
15	46618787	48136048	block1396
15	48136048	50008043	block1397
15	50008043	51677560	block1398
15	51677560	53069096	block1399
15	53069096	54508528	block1400
15	54508528	55136269	block1401
15	55136269	56901773	block1402
15	56901773	58441366	block1403
15	58441366	59694116	block1404
15	59694116	61265836	block1405
15	61265836	63215222	block1406
15	63215222	65104668	block1407
15	65104668	67094767	block1408
15	67094767	69017999	block1409
15	69017999	70133341	block1410
15	70133341	71922649	block1411
15	71922649	73628714	block1412
15	73628714	76398624	block1413
15	76398624	78516053	block1414
15	78516053	80860978	block1415
15	80860978	84260468	block1416
15	84260468	86652905	block1417
15	86652905	88369943	block1418
15	88369943	90475551	block1419
15	90475551	92164392	block1420
15	92164392	93780902	block1421
15	93780902	94924330	block1422
15	94924330	96141596	block1423
15	96141596	98030910	block1424
15	98030910	99244059	block1425
15	99244059	100636847	block1426
15	100636847	101552694	block1427
15	101552694	102520966	block1428
16	60054	1207206	block1429
16	1207206	2764829	block1430
16	2764829	4001196	block1431
16	4001196	5118345	block1432
16	5118345	5891580	block1433
16	5891580	6893551	block1434
16	6893551	7529121	block1435
16	7529121	8338519	block1436
16	8338519	9799419	block1437
16	9799419	10426032	block1438
16	10426032	11520161	block1439
16	11520161	12613098	block1440
16	12613098	13154437	block1441
16	13154437	14464002	block1442
16	14464002	16154060	block1443
16	16154060	17644749	block1444
16	17644749	18643607	block1445
16	18643607	20150571	block1446
16	20150571	22448904	block1447
16	22448904	24136875	block1448
16	24136875	25986862	block1449
16	25986862	27445755	block1450
16	27445755	29036613	block1451
16	29036613	31382943	block1452
16	31382943	46399473	block1453
16	46399473	49007926	block1454
16	49007926	52035823	block1455
16	52035823	53382572	block1456
16	53382572	55903774	block1457
16	55903774	57664330	block1458
16	57664330	59045405	block1459
16	59045405	60745694	block1460
16	60745694	62229849	block1461
16	62229849	63691589	block1462
16	63691589	65938566	block1463
16	65938566	68841363	block1464
16	68841363	71054028	block1465
16	71054028	72935150	block1466
16	72935150	74971503	block1467
16	74971503	75977954	block1468
16	75977954	77523678	block1469
16	77523678	78456292	block1470
16	78456292	79134815	block1471
16	79134815	80297374	block1472
16	80297374	81772536	block1473
16	81772536	82747728	block1474
16	82747728	83477208	block1475
16	83477208	84445883	block1476
16	84445883	85148685	block1477
16	85148685	86156599	block1478
16	86156599	86815411	block1479
16	86815411	87647349	block1480
16	87647349	89041165	block1481
16	89041165	90292812	block1482
17	56	1172399	block1483
17	1172399	1928731	block1484
17	1928731	3702312	block1485
17	3702312	4696261	block1486
17	4696261	5741334	block1487
17	5741334	7317398	block1488
17	7317398	8306425	block1489
17	8306425	9965921	block1490
17	9965921	11102815	block1491
17	11102815	12534769	block1492
17	12534769	13180372	block1493
17	13180372	13894637	block1494
17	13894637	15019097	block1495
17	15019097	16412342	block1496
17	16412342	18856320	block1497
17	18856320	21290357	block1498
17	21290357	27334244	block1499
17	27334244	29786491	block1500
17	29786491	31538425	block1501
17	31538425	32912798	block1502
17	32912798	34469036	block1503
17	34469036	36809344	block1504
17	36809344	38877404	block1505
17	38877404	39899810	block1506
17	39899810	41772087	block1507
17	41772087	43056905	block1508
17	43056905	45876022	block1509
17	45876022	47517400	block1510
17	47517400	49898957	block1511
17	49898957	50719055	block1512
17	50719055	51826118	block1513
17	51826118	53599432	block1514
17	53599432	55357541	block1515
17	55357541	57487512	block1516
17	57487512	59312755	block1517
17	59312755	61545589	block1518
17	61545589	63148128	block1519
17	63148128	64800430	block1520
17	64800430	67858770	block1521
17	67858770	69387817	block1522
17	69387817	72672203	block1523
17	72672203	74375560	block1524
17	74375560	76263413	block1525
17	76263413	77298636	block1526
17	77298636	78837588	block1527
17	78837588	80034408	block1528
17	80034408	81194908	block1529
18	10644	912486	block1530
18	912486	1942911	block1531
18	1942911	3891658	block1532
18	3891658	5834180	block1533
18	5834180	7090485	block1534
18	7090485	8498931	block1535
18	8498931	11075913	block1536
18	11075913	11905440	block1537
18	11905440	14440799	block1538
18	14440799	19485844	block1539
18	19485844	20649472	block1540
18	20649472	22996651	block1541
18	22996651	24026191	block1542
18	24026191	25927682	block1543
18	25927682	26875587	block1544
18	26875587	27866478	block1545
18	27866478	30264066	block1546
18	30264066	31780067	block1547
18	31780067	33861964	block1548
18	33861964	35075250	block1549
18	35075250	36365490	block1550
18	36365490	37684367	block1551
18	37684367	39892648	block1552
18	39892648	42922106	block1553
18	42922106	44299246	block1554
18	44299246	45939732	block1555
18	45939732	47730584	block1556
18	47730584	51062185	block1557
18	51062185	51554175	block1558
18	51554175	55213838	block1559
18	55213838	56530220	block1560
18	56530220	57630483	block1561
18	57630483	59020751	block1562
18	59020751	60277715	block1563
18	60277715	61820252	block1564
18	61820252	63463402	block1565
18	63463402	64252801	block1566
18	64252801	66125817	block1567
18	66125817	67175820	block1568
18	67175820	68621179	block1569
18	68621179	69621618	block1570
18	69621618	71038474	block1571
18	71038474	71971462	block1572
18	71971462	73526987	block1573
18	73526987	74813815	block1574
18	74813815	75976317	block1575
18	75976317	77149991	block1576
18	77149991	78017158	block1577
19	80840	610729	block1578
19	610729	2098396	block1579
19	2098396	3019660	block1580
19	3019660	4348967	block1581
19	4348967	5811852	block1582
19	5811852	6684885	block1583
19	6684885	8347513	block1584
19	8347513	9238393	block1585
19	9238393	11284028	block1586
19	11284028	13471127	block1587
19	13471127	14486347	block1588
19	14486347	15648610	block1589
19	15648610	16374416	block1590
19	16374416	18409862	block1591
19	18409862	19877471	block1592
19	19877471	20905757	block1593
19	20905757	22732896	block1594
19	22732896	23467746	block1595
19	23467746	28557893	block1596
19	28557893	29790947	block1597
19	29790947	30727954	block1598
19	30727954	32746520	block1599
19	32746520	34262952	block1600
19	34262952	36469295	block1601
19	36469295	37527033	block1602
19	37527033	40170619	block1603
19	40170619	40984601	block1604
19	40984601	42131573	block1605
19	42131573	43862455	block1606
19	43862455	44744108	block1607
19	44744108	46102697	block1608
19	46102697	47150082	block1609
19	47150082	49282227	block1610
19	49282227	51532567	block1611
19	51532567	52985290	block1612
19	52985290	54602362	block1613
19	54602362	55728080	block1614
19	55728080	57521335	block1615
19	57521335	59118839	block1616
20	60479	697600	block1617
20	697600	2469501	block1618
20	2469501	3828413	block1619
20	3828413	5477850	block1620
20	5477850	7084073	block1621
20	7084073	8117011	block1622
20	8117011	9730921	block1623
20	9730921	11249536	block1624
20	11249536	12447499	block1625
20	12447499	13689864	block1626
20	13689864	15958359	block1627
20	15958359	17487232	block1628
20	17487232	18972203	block1629
20	18972203	20959710	block1630
20	20959710	22491456	block1631
20	22491456	23293790	block1632
20	23293790	24717724	block1633
20	24717724	25344231	block1634
20	25344231	31614823	block1635
20	31614823	32813441	block1636
20	32813441	34960446	block1637
20	34960446	36909530	block1638
20	36909530	38436761	block1639
20	38436761	39610856	block1640
20	39610856	40585689	block1641
20	40585689	41615460	block1642
20	41615460	42680176	block1643
20	42680176	44839056	block1644
20	44839056	47199980	block1645
20	47199980	49239658	block1646
20	49239658	52472549	block1647
20	52472549	54055266	block1648
20	54055266	56447959	block1649
20	56447959	58406572	block1650
20	58406572	59561724	block1651
20	59561724	61301855	block1652
20	61301855	62190180	block1653
20	62190180	62965163	block1654
21	9411243	15950982	block1655
21	15950982	18053165	block1656
21	18053165	19480375	block1657
21	19480375	20962339	block1658
21	20962339	22072764	block1659
21	22072764	23362875	block1660
21	23362875	24696231	block1661
21	24696231	26469122	block1662
21	26469122	27271019	block1663
21	27271019	29125226	block1664
21	29125226	31197025	block1665
21	31197025	32668642	block1666
21	32668642	34376999	block1667
21	34376999	35225465	block1668
21	35225465	36524373	block1669
21	36524373	37870779	block1670
21	37870779	38711704	block1671
21	38711704	40482902	block1672
21	40482902	41389527	block1673
21	41389527	43321528	block1674
21	43321528	44506268	block1675
21	44506268	46177105	block1676
21	46177105	47492226	block1677
21	47492226	48119752	block1678
22	16050408	17674295	block1679
22	17674295	18296088	block1680
22	18296088	19912358	block1681
22	19912358	22357325	block1682
22	22357325	23712647	block1683
22	23712647	24984204	block1684
22	24984204	26791628	block1685
22	26791628	27834752	block1686
22	27834752	29651799	block1687
22	29651799	31439918	block1688
22	31439918	32664986	block1689
22	32664986	34494914	block1690
22	34494914	35530985	block1691
22	35530985	37570269	block1692
22	37570269	39307894	block1693
22	39307894	40545797	block1694
22	40545797	42690818	block1695
22	42690818	43714200	block1696
22	43714200	44995308	block1697
22	44995308	46470495	block1698
22	46470495	47596318	block1699
22	47596318	48903703	block1700
22	48903703	49824534	block1701
22	49824534	51243298	block1702
